version: 1
n_points: 55
{
623.000 169.000
615.000 165.000
606.000 162.000
597.000 161.000
589.000 163.000
584.000 168.000
580.000 173.000
578.000 182.000
580.000 190.000
583.000 198.000
587.000 204.000
591.000 212.000
594.000 217.000
600.000 224.000
607.000 229.000
611.000 232.000
617.000 234.000
624.000 235.000
630.000 231.000
632.000 224.000
616.000 188.000
613.000 182.000
610.000 173.000
604.000 169.000
596.000 167.000
589.000 169.000
585.000 173.000
582.000 179.000
581.000 185.000
584.000 192.000
587.000 198.000
591.411 203.700
594.094 210.041
597.996 214.675
603.850 219.797
620.435 188.578
619.460 193.700
620.923 201.505
624.826 205.407
626.045 212.236
618.728 212.724
614.094 210.285
608.240 212.724
604.826 209.797
602.143 204.919
603.362 200.041
604.338 195.163
606.777 191.017
610.191 187.114
611.655 183.456
593.850 204.432
592.387 196.871
592.143 188.578
592.630 181.261
594.582 172.724
}
