version: 1
n_points: 55
{
241.000 251.000
236.000 249.000
230.000 249.000
224.000 251.000
221.000 254.000
219.000 257.000
218.000 263.000
218.000 268.000
221.000 273.000
224.000 279.000
228.000 284.000
232.000 289.000
237.000 292.000
241.000 295.000
245.000 297.000
249.000 298.000
252.000 298.000
255.000 298.000
258.000 296.000
260.000 295.000
244.000 271.000
245.000 266.000
243.000 262.000
241.000 257.000
238.000 255.000
234.000 254.000
231.000 254.000
227.000 255.000
223.000 258.000
222.000 263.000
223.000 270.000
225.000 276.000
229.000 281.000
233.000 284.000
238.000 286.000
248.000 269.000
246.000 273.000
247.000 276.000
251.000 279.000
251.000 283.000
247.000 284.000
243.000 281.000
239.000 281.000
235.000 279.000
235.000 275.000
237.000 270.000
239.000 267.000
241.000 264.000
242.000 263.000
243.000 262.000
229.000 277.000
228.000 273.000
228.000 267.000
227.000 261.000
227.000 258.000
}
