version: 1
n_points: 55
{
546.583 309.833
532.083 299.833
515.583 292.333
504.083 290.833
491.583 296.833
484.300 312.467
481.633 327.467
481.633 342.800
485.967 358.800
488.967 373.800
491.967 386.800
497.633 401.467
503.300 414.467
511.967 427.133
523.633 440.467
532.633 451.133
544.300 459.133
557.300 460.467
565.967 452.800
571.300 431.800
547.967 362.467
543.633 350.133
534.633 330.800
533.967 320.800
523.633 310.467
516.300 306.800
503.633 304.467
495.967 310.133
490.300 319.133
487.633 331.467
489.633 347.467
493.633 363.467
498.633 378.800
501.967 391.800
509.633 405.467
555.633 356.800
548.967 367.133
548.633 382.467
554.633 393.467
558.967 403.467
551.967 401.467
541.967 394.800
527.967 396.133
522.967 386.800
521.300 376.800
527.300 366.133
531.300 358.800
533.967 351.133
536.633 346.800
540.300 344.133
504.967 386.800
503.300 372.467
503.967 355.800
505.967 337.467
505.300 315.800
}
