version: 1
n_points: 55
{
835.017 1426.712
808.291 1389.332
777.577 1355.760
736.863 1338.617
692.577 1355.046
664.720 1385.046
651.863 1417.903
646.863 1457.189
641.148 1497.189
641.863 1538.617
644.005 1568.617
646.148 1606.474
656.148 1645.760
668.291 1678.617
689.005 1709.332
714.005 1731.474
753.291 1750.046
781.148 1756.474
806.148 1748.617
827.577 1735.046
816.670 1506.145
805.132 1466.914
791.286 1427.683
766.670 1403.068
730.516 1393.068
698.978 1385.375
684.363 1399.991
673.593 1420.760
670.516 1452.299
667.440 1479.222
666.670 1500.760
665.132 1526.914
663.593 1553.068
665.132 1582.299
674.363 1610.760
827.440 1543.837
813.593 1579.991
807.440 1602.299
819.747 1630.760
801.286 1649.222
769.747 1646.145
752.824 1617.683
732.824 1607.683
706.670 1586.145
704.363 1557.683
710.516 1533.837
719.747 1516.145
736.670 1499.222
758.978 1485.375
798.209 1485.375
671.286 1546.914
685.901 1499.222
700.516 1459.991
712.055 1423.068
732.824 1409.222
}
