version: 1
n_points: 55
{
442.591 143.700
437.007 139.934
431.682 137.206
425.189 140.323
422.461 146.427
422.202 153.180
422.851 157.726
424.150 163.310
426.098 168.115
428.565 172.661
431.163 176.427
434.409 179.544
436.357 182.531
438.046 185.128
439.474 186.947
443.111 188.245
447.007 189.414
448.955 189.154
452.202 187.986
453.890 185.648
442.551 156.564
441.717 149.759
437.273 145.870
433.384 143.509
428.662 144.620
426.439 147.536
426.162 151.842
426.023 155.036
425.745 158.370
426.301 161.286
427.134 165.175
428.801 168.370
431.162 171.009
434.495 172.953
436.717 173.231
447.828 161.842
448.245 166.842
444.495 170.036
448.523 172.814
448.801 175.453
445.189 172.814
442.273 167.953
438.106 168.231
434.078 167.398
430.745 164.898
430.606 162.120
431.995 158.648
435.051 156.564
437.828 155.175
441.301 153.786
427.551 162.398
427.967 157.398
427.828 155.036
427.967 152.675
427.828 149.481
}
