version: 1
n_points: 55
{
637.206 828.828
611.324 814.710
590.735 805.298
562.500 798.239
538.382 807.063
524.265 824.710
517.206 848.828
516.029 875.887
520.735 901.769
528.971 929.416
540.735 951.769
563.088 979.416
578.971 1007.651
590.147 1027.063
607.206 1055.887
620.147 1075.887
636.618 1091.181
651.912 1102.357
674.853 1109.416
688.971 1097.651
656.029 928.828
640.735 897.063
622.500 870.592
601.324 854.710
575.441 837.651
557.794 830.592
536.618 837.651
530.147 855.887
530.735 878.239
543.026 907.806
558.289 943.069
571.447 963.069
584.605 977.806
598.289 1003.069
611.974 1013.069
672.500 950.964
662.500 961.490
662.500 975.701
673.553 999.385
673.026 1013.596
664.079 1009.385
659.342 993.596
644.079 990.964
627.237 988.332
613.026 989.911
597.237 970.964
593.026 946.227
601.447 927.280
616.184 917.280
635.658 907.280
579.868 961.490
575.658 939.385
575.132 909.385
580.921 888.332
591.447 872.017
}
