version: 1
n_points: 55
{
96.926 105.328
92.572 101.206
86.322 96.831
81.478 95.737
77.415 97.612
72.728 101.674
70.384 107.456
68.978 113.549
68.665 119.643
68.822 126.987
69.134 134.018
70.072 139.174
72.572 146.049
75.228 151.674
78.822 157.143
82.884 159.956
86.009 163.237
91.478 165.581
97.884 164.956
100.697 161.674
95.228 129.018
94.134 121.674
92.415 114.956
89.759 108.862
85.072 104.799
81.947 102.299
75.540 104.018
73.822 108.549
72.572 114.331
71.790 121.362
71.634 130.268
73.665 136.674
75.697 142.456
78.509 146.831
82.259 149.174
98.822 128.549
96.478 131.987
96.009 138.706
98.353 142.612
99.290 149.487
95.697 147.924
92.728 145.268
88.509 145.268
84.290 143.862
79.915 139.799
79.290 134.956
79.915 129.487
82.259 126.206
86.634 124.174
92.884 122.299
75.384 136.987
75.228 128.393
76.165 120.581
78.665 112.456
83.353 108.706
}
