version: 1
n_points: 55
{
936.023 1373.864
906.023 1363.864
870.568 1357.500
839.659 1355.682
808.750 1373.864
790.568 1403.864
781.477 1442.955
765.114 1477.500
765.114 1516.591
772.386 1554.773
794.205 1582.045
816.932 1616.591
838.750 1653.864
856.932 1694.773
890.568 1731.136
935.114 1759.318
980.568 1781.136
1028.750 1791.136
1066.932 1790.227
1088.750 1784.773
971.477 1531.136
965.114 1498.409
948.750 1470.227
927.841 1442.955
894.205 1425.682
862.386 1415.682
838.750 1416.591
822.386 1452.045
806.932 1490.227
804.205 1525.682
811.477 1552.045
829.659 1586.591
846.023 1615.682
863.295 1647.500
893.295 1683.864
1007.841 1542.955
1001.477 1570.227
1011.477 1623.864
1043.295 1651.136
1051.477 1674.773
1016.932 1681.136
983.295 1653.864
942.386 1657.500
916.023 1650.227
896.023 1624.773
888.750 1588.409
895.114 1552.045
905.114 1518.409
927.841 1495.682
949.659 1478.409
850.568 1595.682
840.568 1555.682
833.295 1521.136
839.659 1473.864
848.750 1449.318
}
