version: 1
n_points: 55
{
432.500 1233.250
387.500 1207.250
345.500 1182.250
292.500 1179.250
255.500 1202.250
231.500 1240.250
221.500 1287.250
227.500 1338.250
251.500 1390.250
270.500 1445.250
290.500 1490.250
312.500 1530.250
333.500 1563.250
359.500 1597.250
389.500 1629.250
428.500 1651.250
472.500 1667.250
517.500 1668.250
549.500 1637.250
558.500 1586.250
434.500 1369.250
421.500 1314.250
403.500 1274.250
373.500 1240.250
339.500 1221.250
299.500 1223.250
269.500 1253.250
252.500 1286.250
260.500 1326.250
269.500 1369.250
287.500 1405.250
305.500 1450.250
323.500 1486.250
348.500 1510.250
377.500 1529.250
477.500 1355.250
460.500 1380.250
455.500 1442.250
484.500 1468.250
495.500 1498.250
473.500 1508.250
455.500 1486.250
417.500 1480.250
385.500 1468.250
377.500 1451.250
374.500 1419.250
377.500 1392.250
383.500 1366.250
399.500 1347.250
415.500 1332.250
293.500 1402.250
300.500 1363.250
301.500 1321.250
280.500 1284.250
309.500 1242.250
}
