version: 1
n_points: 55
{
185.161 95.015
174.640 88.973
163.182 84.182
150.057 85.848
142.974 90.223
137.140 98.557
135.474 107.932
136.307 116.473
139.224 123.348
143.390 130.432
147.140 137.932
150.057 145.640
152.349 151.473
156.724 157.307
162.557 161.682
169.849 166.473
177.765 170.015
183.182 167.098
186.932 160.640
187.140 152.515
173.599 122.307
175.682 113.765
173.390 104.182
170.265 97.098
165.265 92.723
157.974 89.598
150.890 90.848
144.015 94.182
139.432 101.890
139.224 110.640
142.140 120.223
145.890 126.682
149.224 136.265
155.057 145.015
159.640 152.307
179.640 118.348
180.057 125.432
178.390 130.848
181.099 136.057
183.599 140.848
178.599 144.390
170.890 138.973
164.849 140.223
159.640 136.682
157.974 128.973
163.182 124.390
164.432 119.807
167.557 116.057
170.682 112.932
172.765 109.598
145.265 121.265
145.474 115.640
146.307 106.265
150.474 99.182
154.432 95.432
}
