version: 1
n_points: 55
{
626.646 495.958
610.396 484.083
591.021 472.208
567.271 465.333
540.396 471.583
520.396 491.583
508.521 515.958
500.396 542.208
503.521 577.208
509.771 604.083
514.771 630.958
519.146 659.708
526.021 687.208
540.396 714.708
554.146 739.708
572.271 760.333
594.771 774.083
619.771 781.583
642.271 778.458
659.146 774.083
637.896 603.458
632.896 584.083
625.396 562.208
618.521 539.708
605.396 515.958
593.521 497.208
562.271 490.333
538.521 496.583
527.271 515.333
522.896 540.958
521.646 572.208
526.646 594.083
529.771 614.708
532.271 634.708
539.146 664.083
644.771 615.958
636.646 629.708
631.021 658.458
641.646 679.708
637.896 702.833
616.021 693.458
601.021 682.208
579.146 670.333
564.146 647.208
563.521 615.958
567.896 594.708
577.271 582.208
589.771 580.958
607.896 576.583
625.396 573.458
541.021 628.458
542.271 597.208
552.271 566.583
558.521 539.083
562.271 504.083
}
