version: 1
n_points: 55
{
274.750 364.000
248.750 365.000
229.750 375.500
217.750 396.000
214.750 420.000
221.250 439.500
233.250 457.000
246.250 469.500
259.750 479.500
271.250 485.500
286.750 491.000
304.750 491.000
321.250 488.000
337.250 483.500
346.250 475.000
352.750 471.500
358.750 470.500
363.750 464.000
365.750 455.000
365.250 448.000
291.750 418.500
292.750 403.000
286.750 386.000
278.750 376.500
263.750 373.000
251.750 372.500
236.750 381.000
225.250 394.000
221.750 414.000
228.750 435.000
237.750 445.500
248.750 458.500
262.750 466.500
277.750 474.000
300.250 480.000
314.250 399.500
321.250 410.000
324.250 421.000
334.750 423.000
343.750 429.500
336.750 449.000
326.750 448.000
312.750 454.000
300.250 460.500
286.250 460.500
269.750 451.000
258.750 435.000
263.750 423.000
276.250 413.000
282.750 394.000
253.750 458.000
239.750 442.500
233.750 426.500
232.750 405.500
235.250 391.500
}
