version: 1
n_points: 55
{
730.221 211.741
731.888 183.825
723.555 152.991
706.055 132.575
688.555 123.825
666.471 125.075
650.221 131.741
634.388 147.575
620.221 162.991
602.305 182.158
590.221 202.991
583.138 223.408
581.055 245.908
584.388 266.741
593.555 282.991
596.471 297.158
601.888 310.908
612.721 323.408
630.638 330.075
641.888 322.575
660.638 230.075
678.138 226.741
696.055 213.408
711.888 192.158
712.305 167.158
702.721 147.991
685.638 138.825
663.555 139.658
649.388 153.825
636.055 172.158
623.555 185.075
608.555 201.741
602.305 222.991
602.305 240.491
608.138 254.658
676.888 243.408
666.888 254.241
658.555 272.158
656.888 287.158
643.138 303.408
636.471 295.908
634.388 271.325
628.971 254.241
618.555 242.991
615.638 226.741
618.971 207.575
629.805 198.408
649.388 201.325
665.221 212.158
688.138 216.325
630.221 182.158
644.805 174.241
659.805 165.908
672.721 157.575
683.555 147.575
}
