version: 1
n_points: 55
{
343.465 304.252
335.965 295.919
325.965 292.030
314.577 292.030
305.410 295.919
298.188 302.585
295.132 313.419
294.854 324.530
294.854 337.585
295.965 349.530
299.299 360.919
304.021 372.308
310.132 380.641
316.243 388.697
324.299 394.530
332.632 399.530
339.299 403.419
349.854 405.085
356.799 403.974
361.243 398.974
334.021 332.863
337.077 323.697
337.077 314.808
339.299 308.974
331.799 303.697
324.299 303.974
315.410 308.419
307.910 313.141
304.854 320.919
303.465 329.530
303.465 335.919
302.910 345.641
305.132 351.752
309.021 359.530
314.299 365.919
351.799 341.474
349.299 351.197
348.743 360.363
352.632 368.419
344.577 368.419
338.465 365.919
332.632 358.419
324.299 359.808
318.465 355.641
313.743 349.530
312.632 340.363
314.299 333.697
320.132 328.697
329.021 326.752
334.577 323.419
305.965 341.752
308.188 334.530
310.965 329.252
312.077 324.252
312.354 316.752
}
