version: 1
n_points: 55
{
641.628 288.364
632.760 277.043
619.930 270.062
609.364 270.250
601.062 275.345
596.533 284.213
594.458 294.401
594.269 304.024
595.024 313.835
596.722 322.515
600.873 332.137
605.779 339.684
610.684 345.345
619.741 351.571
622.382 358.552
625.590 364.024
632.194 368.364
640.496 367.798
644.835 366.288
652.194 363.647
635.779 318.930
637.288 309.684
635.779 301.571
633.514 294.590
630.307 289.496
624.647 284.213
617.288 279.307
609.741 280.250
604.458 283.081
602.194 290.250
602.194 300.439
600.873 309.873
603.326 318.930
606.911 327.609
614.269 336.477
646.722 313.647
643.703 318.175
643.326 328.930
647.854 338.364
645.590 342.326
639.930 339.873
633.703 336.099
628.798 333.458
621.250 329.684
618.231 328.364
615.779 321.382
617.665 315.345
620.873 309.684
627.099 307.232
634.081 303.458
605.967 316.288
606.345 307.609
607.288 300.062
608.986 293.647
610.873 286.854
}
