version: 1
n_points: 55
{
542.074 225.389
532.074 220.738
521.842 218.179
513.237 222.831
506.028 231.435
504.865 241.203
505.563 250.738
509.516 258.412
514.167 268.179
517.656 276.551
522.074 286.086
527.423 293.993
533.470 302.133
538.818 307.714
545.795 313.528
550.679 317.482
557.190 319.807
565.330 318.179
569.981 311.435
569.283 305.621
551.291 261.739
549.863 250.106
544.556 242.759
538.638 233.168
532.516 228.678
523.944 229.290
516.393 235.821
510.475 242.351
511.291 251.127
515.373 257.249
516.393 262.759
518.638 269.494
520.271 276.637
523.128 282.147
530.679 288.882
556.597 264.392
554.965 270.923
555.169 278.474
560.067 283.576
560.475 288.882
551.903 287.249
545.985 283.372
536.597 279.902
532.516 278.882
530.475 273.168
529.454 266.637
531.903 263.372
538.230 260.106
542.516 257.045
547.209 252.759
518.434 262.147
518.638 254.596
521.291 245.617
521.903 239.086
521.903 234.392
}
