version: 1
n_points: 55
{
242.922 276.040
235.503 272.492
229.696 269.589
223.890 267.653
220.019 271.847
216.148 277.008
214.858 282.815
214.858 289.589
215.503 298.299
217.116 307.008
222.922 310.234
230.664 315.073
234.858 321.524
240.664 327.331
244.858 332.492
245.503 338.299
250.019 343.137
255.180 344.428
258.406 342.492
261.309 340.879
245.503 291.202
239.051 283.460
235.180 279.589
229.696 276.040
223.245 275.718
220.342 280.879
218.406 287.331
219.374 294.105
221.632 301.847
225.503 307.331
229.696 310.234
234.535 314.105
237.438 318.621
240.664 323.460
245.503 326.686
247.116 297.331
246.471 301.202
246.471 305.073
250.987 307.976
252.600 313.460
253.890 317.976
248.406 317.653
244.535 320.557
241.309 316.363
239.696 311.202
239.374 307.008
239.696 302.815
240.342 299.589
241.955 297.008
243.567 293.782
233.245 308.299
232.922 301.524
230.342 295.073
228.729 289.589
226.471 284.105
}
