version: 1
n_points: 55
{
735.603 1113.611
697.141 1085.150
657.910 1066.688
604.064 1076.688
577.141 1110.534
567.910 1154.380
575.603 1194.380
590.218 1226.688
611.756 1253.611
637.910 1284.380
656.372 1317.457
685.603 1346.688
716.372 1368.226
745.603 1382.073
783.295 1392.073
812.526 1398.226
834.064 1399.765
864.833 1398.996
888.679 1396.688
915.603 1399.765
764.064 1205.919
746.372 1165.150
721.756 1129.765
679.449 1112.842
631.756 1116.688
599.449 1135.150
591.756 1172.842
604.064 1209.765
635.603 1242.842
645.603 1285.150
664.833 1307.457
690.218 1326.688
708.679 1343.611
727.910 1352.842
747.141 1365.150
804.833 1202.842
807.910 1225.150
809.449 1251.303
830.218 1277.457
837.141 1295.919
807.910 1299.765
765.603 1283.611
732.526 1291.303
700.987 1293.611
670.987 1286.688
657.910 1262.073
665.603 1220.534
687.910 1212.073
716.372 1195.919
738.679 1178.996
635.603 1235.150
633.295 1209.765
628.679 1185.150
620.987 1166.688
613.295 1145.919
}
