version: 1
n_points: 55
{
751.750 971.167
714.250 947.417
673.000 924.917
630.500 917.417
601.750 939.917
593.000 992.417
598.000 1052.417
595.500 1108.667
611.750 1167.417
619.250 1216.167
626.750 1256.167
638.000 1297.417
653.000 1348.667
671.750 1396.167
703.000 1434.917
728.000 1464.917
766.750 1488.667
806.750 1519.917
825.500 1493.667
828.000 1453.667
766.750 1166.167
749.250 1127.417
725.500 1074.917
705.500 1028.667
683.000 987.417
648.000 956.167
613.000 963.667
610.500 1003.667
616.750 1057.417
623.000 1109.917
629.250 1162.417
638.000 1208.667
644.250 1251.167
659.250 1298.667
690.500 1339.917
766.750 1184.917
763.000 1212.417
761.750 1253.667
780.500 1287.417
798.000 1314.917
786.750 1328.667
761.750 1318.667
726.750 1312.417
696.750 1286.167
685.500 1249.917
679.250 1209.917
681.750 1173.667
700.500 1142.417
715.500 1129.917
734.250 1113.667
635.500 1152.417
645.500 1118.667
646.750 1082.417
649.250 1036.167
666.750 989.917
}
