version: 1
n_points: 55
{
531.943 106.277
531.687 94.483
531.687 84.739
526.046 80.124
520.918 77.303
514.743 79.239
509.743 82.768
505.625 87.915
502.390 92.768
498.125 98.209
493.419 103.356
491.361 108.797
490.772 115.415
490.478 121.445
490.478 125.709
490.772 130.415
491.655 134.092
492.537 137.915
494.743 142.033
498.566 145.268
518.566 113.209
521.066 106.886
523.272 101.445
524.743 97.768
525.331 90.268
525.184 85.121
521.361 82.033
515.772 82.915
512.978 85.709
510.772 90.415
507.831 93.356
504.596 96.592
500.772 100.415
497.390 103.062
495.478 106.739
516.508 117.180
512.831 120.562
510.037 123.062
510.184 128.797
506.949 131.003
505.625 126.445
508.566 120.415
507.096 116.150
503.714 115.121
503.272 110.415
506.214 106.739
509.743 105.268
513.125 104.386
515.625 105.121
519.008 107.327
509.155 93.945
513.125 91.297
517.243 89.386
520.772 89.239
524.302 88.945
}
