version: 1
n_points: 55
{
166.797 114.536
163.898 108.884
159.116 103.232
152.884 100.189
149.116 101.348
145.927 105.116
144.623 110.768
145.203 117.290
145.782 122.652
147.666 128.305
150.855 133.522
153.463 137.870
156.217 141.058
158.536 142.797
161.434 145.551
163.898 147.870
165.637 150.189
168.101 152.073
172.449 151.783
175.637 150.768
165.492 125.551
165.203 120.913
163.463 116.276
161.289 112.507
156.797 109.464
153.318 107.000
148.246 106.710
146.362 111.783
146.942 117.000
147.811 121.638
149.116 125.696
150.275 128.884
152.159 131.783
154.768 135.551
158.246 139.319
169.840 128.160
168.391 132.218
169.116 136.131
170.855 137.725
169.550 138.884
166.217 137.000
163.463 133.957
159.840 134.392
156.217 133.232
154.478 129.899
154.478 125.551
154.913 121.928
157.376 120.044
158.971 118.739
161.579 117.145
152.449 130.913
151.724 126.131
151.145 121.493
152.159 116.855
152.159 111.783
}
