version: 1
n_points: 55
{
430.043 394.337
406.918 382.462
380.043 371.837
356.293 380.587
333.793 398.712
325.668 424.337
323.793 440.587
325.668 459.962
328.168 476.212
334.418 494.962
341.293 514.337
346.918 536.837
354.418 548.087
361.293 566.837
368.168 584.962
375.043 608.087
388.793 623.712
407.543 632.462
433.168 629.962
453.168 610.587
426.918 467.462
420.043 439.337
414.418 422.462
401.293 409.337
377.543 397.462
358.793 405.587
340.043 418.087
338.168 442.462
339.418 457.462
343.793 475.587
348.168 492.462
353.168 508.087
357.543 524.962
362.543 534.337
370.043 544.337
427.543 478.087
415.043 499.337
419.418 515.587
429.418 529.337
446.293 553.712
427.543 553.712
415.043 532.462
400.043 521.837
391.918 509.962
390.043 492.462
392.543 479.962
399.418 466.837
405.043 459.337
410.668 457.462
420.043 456.212
373.168 528.087
361.293 503.087
356.293 474.962
360.043 442.462
366.293 413.712
}
