version: 1
n_points: 55
{
471.971 306.265
457.804 295.988
444.193 288.488
429.193 288.488
414.749 293.488
406.138 304.876
402.249 315.710
403.082 331.821
410.027 344.876
420.304 360.154
430.304 376.265
439.471 387.932
447.804 399.876
455.027 407.654
459.749 415.432
466.416 423.210
477.527 427.654
486.138 426.265
491.416 417.654
493.360 409.876
470.582 336.821
467.249 323.488
460.304 310.432
450.027 301.543
439.193 300.710
423.916 304.043
413.916 312.376
411.693 322.376
412.527 331.821
418.638 342.654
427.249 357.376
434.749 366.543
443.360 378.210
448.916 383.765
452.249 394.043
476.416 333.488
473.638 345.710
474.193 359.043
481.971 367.932
485.582 378.765
478.082 379.599
474.749 372.654
461.416 367.654
453.082 360.988
449.193 354.321
448.360 345.154
452.527 336.265
456.416 332.099
461.138 327.932
465.304 323.210
449.749 373.488
438.360 362.654
428.638 350.432
425.860 330.432
424.471 312.376
}
