version: 1
n_points: 55
{
284.750 287.000
265.750 280.000
244.750 281.000
232.250 291.500
226.679 303.643
225.250 320.429
229.536 335.429
235.964 349.714
243.464 361.857
250.964 374.000
255.250 388.643
260.607 400.786
266.321 411.143
273.107 421.500
283.107 432.929
300.250 444.714
317.036 448.643
333.107 444.714
344.179 437.214
349.893 424.357
305.607 336.143
299.893 323.286
292.750 311.143
281.679 300.786
269.536 294.357
255.607 292.571
242.036 296.143
232.393 305.786
231.321 317.929
235.964 333.286
244.536 347.214
254.179 362.214
258.464 374.000
264.536 387.929
277.393 400.071
323.464 341.500
318.821 353.643
318.107 366.857
324.893 370.786
329.536 389.714
322.036 387.929
306.321 376.500
291.679 382.929
282.393 379.357
276.321 368.643
280.607 359.000
286.679 347.571
285.964 336.857
291.321 330.429
298.464 324.714
257.036 357.929
255.250 344.357
254.536 329.000
255.607 316.857
255.250 302.929
}
