version: 1
n_points: 55
{
369.347 307.333
358.597 300.083
347.347 297.333
338.097 302.833
332.847 312.583
332.097 323.833
332.347 333.083
334.347 341.083
337.097 347.333
339.347 355.583
341.597 361.833
344.847 368.083
349.597 375.083
355.097 380.833
361.847 384.333
370.347 386.583
378.847 393.083
388.347 394.583
398.597 389.333
400.097 376.333
374.847 346.083
374.597 335.333
369.597 326.333
364.847 318.833
357.097 311.333
346.847 308.583
339.847 311.583
337.097 322.583
337.847 331.333
339.597 339.583
341.597 346.333
342.847 354.083
345.597 360.083
349.847 367.333
355.597 373.583
382.347 341.583
380.597 347.333
380.597 356.583
385.347 362.583
387.097 369.833
379.097 367.333
373.597 359.083
366.097 360.333
359.847 357.833
358.597 349.083
359.097 340.333
360.597 336.333
363.347 334.333
366.847 333.583
370.347 332.333
348.597 359.333
345.347 349.083
344.847 337.583
346.347 326.583
349.347 314.583
}
