version: 1
n_points: 55
{
824.909 350.824
810.127 326.911
797.083 313.867
777.083 309.085
757.083 316.911
747.518 334.302
740.561 354.302
736.214 376.911
737.083 390.824
741.866 407.780
744.909 423.432
744.040 440.389
749.257 453.432
758.387 470.389
767.083 482.128
775.538 495.156
787.681 505.870
800.895 508.013
810.181 506.228
818.395 502.656
804.110 398.370
801.967 378.728
796.967 349.799
797.324 330.870
790.895 324.085
782.324 326.228
764.110 333.013
755.538 345.870
749.110 359.442
746.252 372.656
745.895 388.370
746.967 401.228
747.681 416.942
750.538 429.442
753.038 446.228
819.824 395.513
809.824 411.585
804.467 435.870
810.538 446.228
812.324 453.370
803.038 453.728
798.038 439.085
788.038 434.799
774.467 430.870
767.324 418.728
761.967 406.585
759.794 389.918
772.294 389.085
783.544 387.001
797.711 380.335
754.794 367.418
757.294 355.335
760.627 346.585
766.044 338.668
769.794 333.668
}
