version: 1
n_points: 55
{
244.592 257.016
239.419 245.982
232.523 234.947
217.006 227.706
204.592 229.085
194.937 233.913
187.006 243.913
180.799 255.292
178.385 271.499
178.040 287.361
180.454 302.189
184.592 315.982
190.454 327.361
199.075 336.327
200.799 342.189
205.626 350.809
211.833 358.051
222.868 360.809
229.075 359.085
233.557 356.671
227.194 287.099
230.831 277.781
232.422 265.735
233.104 253.235
231.285 245.053
224.694 236.417
215.831 233.235
204.013 238.008
195.831 245.053
187.422 257.781
183.558 270.735
181.967 285.508
185.604 299.371
193.104 313.008
201.513 319.826
240.149 290.053
232.649 296.871
228.558 306.417
231.740 315.735
228.331 323.690
221.967 317.553
217.422 310.053
206.967 307.553
204.013 302.326
204.694 294.144
206.740 287.553
211.513 282.326
216.285 279.371
224.240 276.190
230.149 274.599
187.876 292.326
187.876 283.008
190.604 270.508
195.604 259.371
198.785 250.962
}
