version: 1
n_points: 55
{
148.595 489.001
139.465 474.653
125.551 460.740
106.856 451.609
92.943 454.653
85.551 463.783
77.291 479.001
72.508 499.870
71.204 521.174
74.682 545.522
79.030 569.001
83.812 593.348
89.030 615.088
96.421 637.261
104.247 649.870
115.986 663.783
121.204 672.914
133.378 681.174
147.725 682.044
161.910 680.370
147.760 539.870
138.160 520.270
136.560 505.470
130.160 493.470
122.960 484.270
111.760 475.070
103.760 473.070
90.960 475.470
85.360 489.470
83.360 513.870
83.760 534.670
88.160 551.870
89.360 568.270
89.360 584.270
104.160 609.470
150.960 546.270
136.560 559.070
130.560 579.470
138.560 598.270
140.160 607.870
134.560 595.470
126.960 591.070
114.560 589.070
104.960 576.270
103.360 565.470
106.160 549.070
108.560 535.070
116.160 528.670
128.960 527.870
138.160 524.670
90.960 554.670
92.160 537.870
97.760 521.070
103.360 504.670
111.360 485.070
}
