version: 1
n_points: 55
{
172.000 250.000
160.000 241.000
150.000 238.000
141.000 245.000
137.000 256.000
136.000 267.000
137.000 275.000
139.000 283.000
141.000 291.000
143.000 298.000
147.000 305.000
150.000 313.000
154.000 320.000
161.000 328.000
166.000 334.000
172.000 338.000
178.000 343.000
186.000 343.000
191.000 341.000
194.000 335.000
175.000 273.000
171.000 264.000
166.000 256.000
157.000 250.000
150.000 247.000
143.000 254.000
142.000 263.000
144.000 273.000
146.000 282.000
147.000 292.000
150.000 300.000
154.000 309.000
158.000 316.000
163.000 319.000
163.000 323.000
176.000 279.000
174.000 286.000
175.000 297.000
181.000 300.000
182.000 308.000
172.000 308.000
170.000 303.000
166.000 301.000
160.000 296.000
159.000 291.000
158.000 281.000
158.000 278.000
161.000 276.000
165.000 273.000
171.000 270.000
150.000 295.000
149.000 281.000
147.000 267.000
148.000 259.000
150.000 252.000
}
