version: 1
n_points: 55
{
972.750 354.730
949.066 339.467
932.224 328.941
919.592 323.678
898.539 332.099
889.066 345.257
885.382 363.151
885.908 382.625
893.803 402.625
895.908 423.151
903.803 446.309
912.224 467.362
923.276 485.257
936.434 499.993
949.592 511.572
964.855 517.362
977.487 524.204
990.645 526.836
999.066 525.783
1005.908 525.783
969.363 398.620
965.015 384.273
956.320 375.142
941.972 366.012
928.059 356.012
918.494 352.968
905.015 356.447
901.537 369.925
898.494 389.925
905.015 406.012
909.363 425.142
914.581 439.925
920.668 453.838
928.059 458.620
935.885 471.229
989.363 409.490
985.885 423.403
981.972 441.664
988.928 458.186
997.189 476.012
981.102 467.751
972.407 458.620
956.320 456.447
940.668 442.968
937.624 427.751
939.798 412.968
944.581 404.273
948.928 396.447
956.755 393.403
964.581 391.664
906.320 399.490
907.624 384.707
912.407 376.012
917.189 367.751
918.928 359.490
}
