version: 1
n_points: 55
{
233.042 385.833
219.708 370.000
203.042 355.417
183.458 345.417
166.792 346.250
155.125 356.667
148.333 372.750
146.000 389.083
147.667 404.083
153.333 424.083
157.667 437.750
164.000 457.083
172.667 476.417
182.000 489.083
188.667 497.750
198.667 507.083
212.333 515.083
222.667 516.083
231.000 508.750
233.667 496.417
215.667 424.417
211.333 411.417
206.000 391.750
199.000 379.750
190.000 369.417
179.000 360.750
164.667 358.083
156.000 370.417
152.333 383.083
154.000 395.083
156.667 409.083
160.000 420.417
165.333 431.083
169.000 444.750
176.333 461.417
225.667 422.750
217.333 436.417
221.667 457.750
229.000 468.750
230.667 479.083
221.000 472.083
214.667 456.083
203.667 456.750
191.000 450.750
186.333 436.417
186.000 427.417
190.333 418.750
196.333 411.417
202.667 411.083
208.667 409.417
170.333 443.417
170.333 429.417
171.667 414.417
174.333 396.750
180.333 377.750
}
