version: 1
n_points: 55
{
520.000 808.000
490.000 779.000
465.000 760.000
428.000 758.000
410.000 774.000
403.000 798.000
406.000 820.000
417.000 847.000
429.000 868.000
440.000 896.000
455.000 917.000
474.000 936.000
489.000 947.000
501.000 961.000
513.000 978.000
526.000 992.000
545.000 1001.000
568.000 993.000
578.000 977.000
584.000 959.000
515.000 840.000
502.000 823.000
486.000 806.000
463.000 791.000
441.000 783.000
425.000 788.000
419.000 804.000
421.000 822.000
429.000 837.000
443.000 856.000
447.000 874.000
453.000 886.000
459.000 897.000
466.000 904.000
469.000 910.000
520.000 851.000
518.000 869.000
521.000 883.000
535.000 889.000
545.000 904.000
535.000 902.000
526.000 894.000
515.000 897.000
496.000 893.000
483.000 885.000
475.000 873.000
469.000 860.000
475.000 848.000
490.000 839.000
503.000 829.000
445.000 850.000
445.000 835.000
442.000 819.000
440.000 804.000
439.000 789.000
}
