version: 1
n_points: 55
{
267.959 144.242
262.617 141.639
257.685 140.269
254.124 140.680
250.014 142.735
246.863 146.708
245.767 152.050
246.315 157.941
249.055 162.872
250.836 167.530
252.891 172.872
253.850 179.310
257.685 186.571
263.165 192.187
268.233 198.763
271.110 201.913
274.398 205.064
277.822 205.475
281.384 204.105
284.535 200.817
274.946 165.338
272.617 158.900
268.781 154.927
261.932 151.228
255.767 148.763
251.795 147.804
248.781 150.817
248.507 155.201
250.562 161.091
253.028 166.571
255.083 170.954
255.904 175.475
258.233 179.721
260.836 182.187
264.535 185.201
277.685 167.804
276.726 169.721
277.274 177.393
280.151 180.680
279.466 183.557
274.946 183.283
273.165 180.680
269.192 178.763
264.809 175.886
261.110 174.242
258.781 170.132
259.877 165.886
263.028 162.461
267.000 160.817
271.521 159.447
255.357 170.132
255.767 164.927
255.904 159.447
255.357 154.653
252.480 152.735
}
