version: 1
n_points: 55
{
564.000 384.000
552.000 381.000
539.000 376.000
530.000 375.000
522.000 380.000
517.000 393.000
517.000 405.000
523.000 418.000
530.000 433.000
539.000 453.000
542.000 465.000
548.000 480.000
551.000 496.000
556.000 511.000
564.000 528.000
570.000 538.000
583.000 548.000
594.000 555.000
604.000 556.000
612.000 551.000
578.000 445.000
569.000 431.000
564.000 420.000
563.000 413.000
554.000 402.000
541.000 398.000
527.000 399.000
527.000 410.000
533.000 422.000
540.000 439.000
541.000 450.000
543.000 463.000
548.000 475.000
552.000 492.000
568.000 508.000
584.000 452.000
581.000 463.000
582.000 479.000
590.000 490.000
596.000 505.000
586.000 504.000
582.000 497.000
575.000 495.000
566.000 480.000
561.000 470.000
558.000 463.000
556.000 452.000
558.000 444.000
563.000 439.000
571.000 436.000
540.000 434.000
540.000 425.000
542.000 416.000
541.000 409.000
542.000 401.000
}
