version: 1
n_points: 55
{
255.955 405.000
246.864 392.273
238.227 381.364
227.773 374.545
214.591 374.545
204.136 378.636
197.773 390.000
193.227 407.727
191.864 426.818
194.591 448.636
197.318 465.455
197.773 487.273
200.955 504.545
207.318 520.455
215.500 538.636
220.955 547.273
227.773 552.273
236.409 554.545
244.212 554.242
250.879 553.939
255.493 461.955
253.557 447.439
252.267 434.536
251.299 419.697
243.880 410.987
225.815 397.116
210.331 392.278
205.170 405.181
201.944 418.407
200.977 432.278
201.622 444.858
201.944 460.342
202.589 472.923
207.751 484.213
216.138 494.858
260.009 467.761
255.170 475.503
253.235 483.568
253.235 492.600
249.686 501.955
244.525 496.149
241.622 487.439
233.880 483.891
225.170 477.439
226.783 470.020
228.718 461.632
234.525 457.761
238.396 450.987
244.202 445.181
252.267 441.632
205.815 449.374
208.718 436.471
212.267 427.116
215.815 415.503
221.622 403.245
}
