version: 1
n_points: 55
{
348.634 165.053
342.634 150.653
331.834 137.453
319.834 130.653
302.634 134.253
288.234 141.853
275.834 149.853
265.034 161.453
256.634 176.653
250.234 197.453
239.834 218.253
231.434 241.853
229.434 267.453
232.634 289.453
237.434 313.053
243.034 326.253
253.692 336.269
264.525 343.769
277.442 351.686
287.859 351.686
312.025 247.519
322.025 222.936
327.442 190.853
329.942 165.436
322.859 151.686
306.609 144.603
292.442 148.769
279.525 168.353
264.942 182.936
255.775 203.769
247.859 220.853
242.859 237.103
243.275 254.186
247.442 269.603
252.859 280.853
307.859 250.019
298.275 264.186
295.359 275.853
299.942 287.519
295.359 304.186
287.859 288.353
284.109 273.769
271.609 268.353
259.942 251.686
257.442 232.936
259.525 219.603
269.942 208.353
287.025 209.603
302.442 213.769
317.859 220.019
259.525 206.686
272.442 194.603
287.025 177.936
300.359 163.353
311.192 152.936
}
