version: 1
n_points: 55
{
843.560 1145.524
807.845 1092.667
752.131 1051.238
687.845 989.810
650.702 999.810
639.274 1059.810
643.560 1125.524
647.845 1184.095
646.417 1259.810
632.131 1331.238
626.417 1395.524
633.560 1468.381
647.845 1531.238
672.131 1588.381
704.988 1651.238
742.131 1698.381
767.845 1734.095
796.417 1752.667
826.417 1751.238
842.131 1738.381
810.702 1325.524
799.274 1255.524
770.702 1186.952
737.845 1141.238
700.702 1098.381
656.417 1056.952
663.560 1116.952
674.988 1175.524
667.845 1228.381
654.988 1291.238
646.417 1356.952
647.845 1414.095
660.702 1472.667
689.274 1529.810
727.845 1564.095
802.131 1361.238
799.274 1399.810
804.988 1452.667
833.560 1479.810
836.417 1546.952
794.988 1542.667
776.417 1511.238
730.702 1502.667
700.702 1478.381
696.417 1435.524
696.417 1379.810
707.845 1329.810
727.845 1304.095
760.702 1286.952
790.702 1275.524
677.845 1198.381
686.417 1162.667
689.274 1142.667
693.560 1121.238
694.988 1101.238
}
