version: 1
n_points: 55
{
324.929 468.683
302.706 458.683
284.373 444.794
264.373 448.683
254.373 463.683
248.262 481.460
248.817 499.238
250.464 515.071
253.321 530.071
252.964 544.714
255.464 557.571
258.321 572.571
262.964 585.429
271.179 600.786
279.750 615.786
291.893 627.214
304.393 637.214
321.893 640.429
334.750 640.071
344.393 631.500
320.821 523.643
313.679 512.929
307.250 499.000
301.179 486.857
282.607 471.143
265.107 471.857
261.536 489.000
258.679 508.286
258.321 519.714
258.679 530.071
261.179 539.714
264.750 546.857
266.893 555.786
270.107 562.214
273.321 570.071
330.821 529.000
325.464 539.357
318.679 560.071
324.036 571.500
328.321 582.929
321.893 580.429
310.821 567.929
295.821 565.429
288.679 556.143
281.536 539.714
278.679 530.071
284.393 522.571
295.107 519.357
298.321 510.786
309.036 507.571
267.964 549.357
261.179 529.000
263.321 507.214
269.036 490.429
275.464 476.857
}
