version: 1
n_points: 55
{
342.000 728.000
297.000 715.000
259.000 713.000
233.000 734.000
223.000 758.000
231.000 797.000
248.000 820.000
264.000 844.000
272.000 869.000
284.000 891.000
304.000 916.000
328.000 936.000
353.000 953.000
376.000 962.000
404.000 968.000
428.000 974.000
457.000 977.000
486.000 966.000
498.000 954.000
504.000 934.000
374.000 808.000
363.000 786.000
346.000 768.000
326.000 756.000
302.000 752.000
282.000 747.000
267.000 746.000
251.000 764.000
253.000 786.000
263.000 810.000
276.000 833.000
288.000 852.000
296.000 875.000
305.000 892.000
324.000 911.000
392.000 815.000
401.000 832.000
417.000 846.000
428.000 846.000
444.000 868.000
432.000 888.000
408.000 884.000
389.000 894.000
367.000 898.000
338.000 887.000
332.000 867.000
330.000 846.000
332.000 825.000
340.000 810.000
348.000 798.000
288.000 822.000
278.000 806.000
270.000 790.000
265.000 771.000
270.000 756.000
}
