version: 1
n_points: 55
{
98.000 419.000
80.000 406.000
59.000 396.000
39.000 390.000
18.000 401.000
3.000 415.000
0.000 426.000
-1.000 450.000
-1.000 480.000
2.000 495.000
8.000 513.000
18.000 532.000
30.000 552.000
39.000 561.000
48.000 570.000
60.000 574.000
69.000 580.000
79.000 579.000
87.000 576.000
92.000 571.000
87.000 469.000
82.000 448.000
72.000 428.000
57.000 416.000
44.000 411.000
21.000 412.000
9.000 425.000
4.000 443.000
4.000 463.000
7.000 482.000
13.000 498.000
18.000 510.000
26.000 522.000
33.000 531.000
39.000 538.000
98.000 486.000
92.000 499.000
84.000 511.000
88.000 524.000
94.000 537.000
75.000 539.000
66.000 529.000
61.000 520.000
50.000 516.000
41.000 506.000
30.000 493.000
32.300 479.200
45.100 468.000
59.900 462.400
77.900 456.000
15.500 493.600
16.300 474.800
22.300 452.400
32.300 435.600
43.500 422.400
}
