version: 1
n_points: 55
{
289.909 709.000
255.735 696.015
223.235 686.015
189.902 683.515
164.902 707.682
154.902 743.515
153.235 781.848
156.568 817.682
169.902 846.015
182.402 877.682
192.402 915.182
207.402 948.515
221.568 984.348
240.735 1018.515
244.902 1040.182
255.735 1062.682
273.235 1086.848
294.902 1099.348
314.902 1100.182
326.568 1092.682
306.568 868.515
290.735 836.015
275.735 805.182
263.235 769.348
235.735 745.182
217.402 731.015
184.068 727.682
169.068 751.015
171.568 773.515
174.902 804.348
189.068 840.182
200.735 864.348
209.902 889.348
221.568 925.182
245.735 979.348
325.735 868.515
313.235 886.015
310.735 911.015
317.402 927.682
315.735 950.182
301.568 949.348
287.402 936.848
277.402 944.348
259.068 932.682
244.613 901.464
243.075 878.387
246.921 847.618
256.921 840.695
271.536 834.541
283.075 832.233
217.690 893.772
214.613 859.925
215.382 816.848
216.921 789.156
216.921 760.695
}
