version: 2
n_points: 55
{
141.987 28.056
109.471 16.338
79.123 5.07
40.826 3.718
14.09 14.085
-3.252 31.211
-10.477 52.394
-6.142 75.38
11.2 98.817
24.929 123.606
39.381 143.887
55.277 161.915
70.452 176.789
89.239 192.113
110.916 206.535
139.097 216.451
170.89 223.662
203.406 224.113
226.529 210.141
233.032 187.155
143.432 89.352
134.039 64.563
121.032 46.535
99.355 31.211
74.787 22.648
45.884 23.549
24.206 37.07
11.923 51.944
17.703 69.972
24.206 89.352
37.213 105.577
50.219 125.859
63.226 142.085
81.29 152.901
102.245 161.465
174.503 83.042
162.219 94.31
158.606 122.254
179.561 133.972
187.51 147.493
171.613 152.0
158.606 142.085
131.148 139.38
108.026 133.972
102.245 126.31
100.077 111.887
102.245 99.718
106.581 88.0
118.142 79.437
129.703 72.676
41.548 104.225
46.606 86.648
47.329 67.718
32.155 51.042
53.11 32.113
}
