version: 2
n_points: 55
{
118.343 19.962
96.017 15.305
69.632 12.341
46.63 11.494
23.628 19.962
10.097 33.933
3.332 52.137
-8.845 68.225
-8.845 86.429
-3.434 104.21
12.804 116.911
29.717 132.999
45.953 150.357
59.484 169.408
84.516 186.342
117.666 199.466
151.492 209.627
187.349 214.284
215.763 213.86
232.0 211.32
144.727 93.203
139.992 77.962
127.814 64.838
112.254 52.137
87.222 44.093
63.543 39.436
45.953 39.859
33.776 56.37
22.275 74.151
20.246 90.663
25.657 102.94
39.188 119.028
51.366 132.575
64.22 147.393
86.545 164.328
171.789 98.707
167.053 111.407
174.495 136.386
198.173 149.086
204.262 160.094
178.554 163.057
153.522 150.357
123.078 152.05
103.459 148.663
88.575 136.809
83.163 119.874
87.899 102.94
95.341 87.276
112.254 76.692
128.49 68.648
54.748 123.261
47.306 104.634
41.894 88.546
46.63 66.531
53.395 55.1
}
