version: 2
n_points: 55
{
156.1 52.203
133.267 32.076
100.234 19.666
73.029 20.0
51.654 29.058
39.993 44.823
34.65 62.935
34.164 80.043
36.108 97.484
40.48 112.916
51.167 130.021
63.799 143.438
76.428 153.502
99.747 164.571
106.547 176.981
114.806 186.709
131.81 194.425
153.185 193.419
164.357 190.734
183.304 186.039
141.04 106.542
144.925 90.105
141.04 75.682
135.208 63.271
126.951 54.215
112.378 44.823
93.431 36.101
74.0 37.778
60.398 42.811
54.568 55.556
54.568 73.669
51.167 90.441
57.483 106.542
66.713 121.972
85.658 137.737
169.215 97.15
161.442 105.2
160.472 124.32
172.13 141.092
166.301 148.135
151.728 143.774
135.695 137.065
123.066 132.37
103.632 125.66
95.859 123.314
89.546 110.901
94.402 100.169
102.662 90.105
118.692 85.746
136.668 79.036
64.283 101.845
65.256 86.416
67.684 72.999
72.056 61.595
76.914 49.518
}
