version: 2
n_points: 55
{
132.204 41.481
104.526 28.592
75.56 23.703
51.744 33.481
38.227 50.814
36.296 70.814
36.939 87.259
42.089 101.481
49.169 112.592
54.962 127.259
60.755 138.37
69.123 149.481
81.353 161.925
95.514 172.148
112.893 178.37
134.778 182.37
156.664 193.925
181.123 196.592
207.514 187.259
211.376 164.148
146.365 110.37
145.721 91.259
132.847 75.259
120.618 61.925
100.664 48.592
74.273 43.703
56.25 49.036
49.169 68.592
51.1 84.148
55.606 98.814
60.755 110.814
63.974 124.592
71.054 135.259
81.997 148.148
96.801 159.259
165.675 102.37
161.169 112.592
161.169 129.036
173.399 139.703
177.905 152.592
157.307 148.148
143.146 133.481
123.836 135.703
107.744 131.259
104.526 115.703
105.813 100.148
109.675 93.036
116.755 89.481
125.767 88.148
134.778 85.925
78.778 133.925
70.411 115.703
69.123 95.259
72.985 75.703
80.71 54.37
}
