version: 2
n_points: 55
{
137.455 60.218
115.889 49.263
95.324 41.327
70.247 50.394
59.711 68.151
58.711 87.796
61.218 101.021
66.234 117.265
73.758 131.244
83.286 144.468
93.319 155.424
105.855 164.492
113.379 173.181
119.902 180.736
125.417 186.028
139.463 189.804
154.51 193.204
162.033 192.448
174.573 189.05
181.092 182.249
137.3 97.641
134.079 77.844
116.916 66.531
101.897 59.663
83.66 62.895
75.075 71.377
74.005 83.904
73.468 93.196
72.394 102.895
74.542 111.377
77.759 122.691
84.197 131.985
93.315 139.663
106.188 145.318
114.769 146.127
157.681 112.995
159.291 127.54
144.808 136.832
160.365 144.913
161.438 152.591
147.489 144.913
136.227 130.772
120.134 131.581
104.577 129.158
91.705 121.885
91.168 113.804
96.532 103.703
108.335 97.641
119.06 93.6
132.473 89.559
79.369 114.612
80.976 100.067
80.439 93.196
80.976 86.327
80.439 77.036
}
