version: 2
n_points: 55
{
153.619 39.653
135.746 26.028
111.917 19.669
84.779 19.669
62.934 26.028
45.725 36.927
38.442 54.641
37.78 72.808
37.78 94.154
40.427 113.684
48.372 132.306
59.625 150.927
74.187 164.552
88.749 177.724
107.947 187.261
127.804 195.436
143.691 201.795
168.844 204.519
185.393 202.702
195.983 194.527
131.114 86.433
138.396 71.446
138.396 56.912
143.691 47.374
125.819 38.745
107.947 39.198
86.764 46.466
68.892 54.187
61.61 66.904
58.3 80.983
58.3 91.43
56.977 107.325
62.272 117.317
71.539 130.034
84.117 140.481
173.478 100.512
167.521 116.41
166.196 131.396
175.463 144.568
156.269 144.568
141.704 140.481
127.804 128.218
107.947 130.489
94.044 123.676
82.792 113.684
80.144 98.696
84.117 87.797
98.017 79.621
119.199 76.441
132.439 70.992
64.257 100.967
69.554 89.159
76.172 80.529
78.822 72.354
79.482 60.091
}
