version: 2
n_points: 55
{
156.493 46.118
131.945 37.333
104.329 30.745
76.712 28.549
52.164 32.941
36.822 43.922
24.548 54.902
18.411 74.667
24.548 92.235
33.753 109.804
46.027 122.98
58.301 140.549
67.507 151.529
85.918 166.902
107.397 177.882
119.671 184.471
138.082 188.863
159.562 191.059
177.973 182.275
184.11 166.902
135.014 87.843
125.808 74.667
116.603 54.902
98.192 46.118
73.644 41.725
52.164 46.118
39.89 54.902
30.685 68.078
27.616 81.255
36.822 96.627
46.027 109.804
59.563 122.322
67.795 136.247
79.769 146.424
97.732 157.672
148.622 89.112
145.631 100.361
150.12 117.501
162.096 126.07
165.837 141.067
143.385 142.139
129.165 136.783
111.202 142.139
100.726 135.711
92.494 124.999
96.234 114.286
99.229 103.574
106.713 94.469
117.189 85.897
121.681 77.864
67.047 123.929
62.557 107.325
61.809 89.112
63.303 73.044
69.293 54.296
}
