version: 2
n_points: 55
{
132.329 37.955
92.443 19.205
51.759 7.042
-4.082 13.63
-32.002 35.928
-41.575 64.815
-33.597 91.168
-18.441 112.453
3.895 130.191
31.018 150.462
50.164 172.254
80.477 191.512
112.386 205.702
142.699 214.825
181.787 221.413
212.101 225.467
234.437 226.48
266.345 225.974
291.075 224.453
318.996 226.48
161.844 98.77
143.497 71.911
117.969 48.598
74.095 37.449
24.636 39.983
-8.868 52.146
-16.846 76.978
-4.082 101.304
28.625 123.096
38.996 150.969
58.938 165.666
85.263 178.336
104.408 189.485
124.351 195.566
144.294 203.675
204.123 96.743
207.314 111.44
208.91 128.67
230.448 145.901
237.628 158.064
207.314 160.598
163.44 149.955
129.138 155.023
96.431 156.544
65.32 151.983
51.759 135.766
59.736 108.399
82.87 102.825
112.386 92.182
135.519 81.033
28.625 118.028
26.232 101.304
21.445 85.087
13.468 72.924
5.491 59.241
}
