version: 2
n_points: 55
{
140.676 79.254
129.283 62.374
110.491 45.493
86.0 36.404
71.193 39.866
58.66 51.12
53.536 68.0
55.815 87.479
58.091 103.494
65.494 120.378
78.027 135.959
88.276 148.945
99.098 158.467
108.212 163.66
119.6 171.886
129.283 178.812
136.117 185.738
145.8 191.365
162.887 190.499
175.416 187.467
135.548 112.152
134.412 98.3
127.574 84.451
119.03 73.194
101.378 64.106
87.706 56.747
67.774 55.881
60.37 71.032
62.649 86.613
66.064 100.465
71.193 112.585
75.747 122.107
83.151 130.765
93.404 142.019
107.072 153.273
152.634 119.945
146.94 132.064
149.789 143.751
156.623 148.512
151.495 151.974
138.397 146.347
127.574 137.258
113.336 138.557
99.098 135.093
92.264 125.138
92.264 112.152
93.974 101.332
103.653 95.705
109.921 91.807
120.17 87.046
84.291 128.167
81.442 113.885
79.166 100.032
83.151 86.18
83.151 71.032
}
