version: 2
n_points: 55
{
122.357 44.909
103.66 38.129
86.398 34.561
73.934 35.632
59.549 40.984
48.52 51.332
44.684 65.247
46.602 80.591
56.193 93.434
62.426 105.567
69.618 119.481
72.975 136.249
86.398 155.162
105.578 169.789
123.316 186.918
133.385 195.122
144.893 203.329
156.877 204.4
169.344 200.832
180.373 192.268
146.811 99.857
138.66 83.088
125.234 72.74
101.262 63.105
79.684 56.685
65.782 54.187
55.234 62.035
54.275 73.454
61.467 88.795
70.098 103.069
77.29 114.485
80.164 126.26
88.316 137.32
97.426 143.743
110.373 151.593
156.398 106.28
153.041 111.273
154.959 131.256
165.029 139.818
162.631 147.311
146.811 146.598
140.578 139.818
126.672 134.825
111.332 127.331
98.385 123.049
90.234 112.344
94.07 101.284
105.098 92.364
119.0 88.081
134.824 84.513
78.25 112.344
79.684 98.787
80.164 84.513
78.25 72.026
68.18 67.031
}
