version: 2
n_points: 55
{
759.03 -1720.528
737.167 -1756.348
708.022 -1792.172
642.44 -1815.679
589.974 -1811.202
549.168 -1795.529
515.648 -1763.065
489.415 -1726.125
479.212 -1673.51
477.754 -1622.016
487.957 -1573.879
505.445 -1529.102
530.221 -1492.161
566.657 -1463.054
573.943 -1444.024
594.344 -1416.04
620.577 -1392.53
667.216 -1383.577
693.449 -1389.173
712.392 -1397.01
685.499 -1622.867
700.871 -1653.117
707.595 -1692.223
710.477 -1732.802
702.789 -1759.364
674.933 -1787.4
637.474 -1797.73
587.527 -1782.235
552.946 -1759.364
517.406 -1718.044
501.075 -1675.991
494.351 -1628.032
509.723 -1583.027
541.421 -1538.757
576.961 -1516.623
740.252 -1613.277
708.554 -1591.143
691.264 -1560.154
704.712 -1529.904
690.305 -1504.079
663.408 -1524.002
644.199 -1548.35
600.011 -1556.466
587.527 -1573.434
590.405 -1599.996
599.052 -1621.393
619.225 -1638.362
639.393 -1647.955
673.014 -1658.282
697.988 -1663.447
519.325 -1605.898
519.325 -1636.148
530.855 -1676.728
551.987 -1712.883
565.431 -1740.181
}
