version: 2
n_points: 55
{
125.861 25.855
98.544 16.873
70.593 11.932
47.086 20.915
27.394 37.53
24.217 56.392
26.123 74.804
36.922 89.623
49.627 108.484
59.158 124.65
71.227 143.063
85.838 158.331
102.357 174.05
116.966 184.827
136.025 196.054
149.367 203.689
167.153 208.179
189.389 205.035
202.094 192.012
200.188 180.785
151.039 96.048
147.138 73.584
132.641 59.397
116.475 40.876
99.751 32.206
76.335 33.388
55.708 45.999
39.541 58.609
41.771 75.556
52.921 87.377
55.708 98.017
61.84 111.023
66.301 124.816
74.106 135.456
94.733 148.462
165.533 101.171
161.075 113.782
161.632 128.364
175.012 138.216
176.127 148.462
152.711 145.308
136.544 137.822
110.899 131.121
99.751 129.151
94.176 118.118
91.387 105.506
98.076 99.201
115.36 92.894
127.068 86.983
139.888 78.707
61.283 96.836
61.84 82.254
69.088 64.916
70.759 52.304
70.759 43.24
}
