version: 2
n_points: 55
{
162.595 20.581
131.01 10.108
94.303 0.738
61.864 8.455
31.132 24.439
20.034 47.037
17.473 61.368
20.034 78.455
23.449 92.785
31.986 109.321
41.376 126.407
49.059 146.25
59.303 156.171
68.693 172.707
78.083 188.691
87.473 209.085
106.254 222.864
131.864 230.581
166.864 228.376
194.181 211.289
158.327 85.069
148.937 60.266
141.254 45.384
123.327 33.809
90.888 23.337
65.278 30.502
39.668 41.526
37.108 63.022
38.815 76.25
44.79 92.234
50.766 107.116
57.595 120.896
63.571 135.778
70.4 144.045
80.644 152.864
159.181 94.439
142.108 113.179
148.083 127.51
161.742 139.636
184.79 161.132
159.181 161.132
142.108 142.392
121.62 133.022
110.522 122.549
107.961 107.116
111.376 96.092
120.766 84.518
128.449 77.903
136.132 76.25
148.937 75.148
84.912 138.533
68.693 116.486
61.864 91.683
66.986 63.022
75.522 37.667
}
